0 1.833 9.09995 -2.3055 -0.5421835 -0.7685941 -0.1150215 0.3194844
0.0333334 1.833 9.09995 -2.3055 0.03459246 -0.8004292 -0.5966261 -0.04640898
0.0666668 1.833 9.09995 -2.3055 0.03459246 -0.8004292 -0.5966261 -0.04640898
0.1000002 1.833 9.09995 -2.3055 0.03459246 -0.8004292 -0.5966261 -0.04640898
0.1333336 1.833 9.09995 -2.3055 0.03459246 -0.8004292 -0.5966261 -0.04640898
0.166667 1.833 9.09995 -2.3055 0.03459246 -0.8004292 -0.5966261 -0.04640898
0.2000004 1.833 9.09995 -2.3055 0.03459246 -0.8004292 -0.5966261 -0.04640898
0.2333338 1.833 9.09995 -2.3055 -0.1396295 -0.8316857 -0.2420238 0.4798198
0.2666672 1.833 9.09995 -2.3055 -0.1396295 -0.8316857 -0.2420238 0.4798198
0.3000006 1.833 9.09995 -2.3055 -0.1408934 -0.8301096 -0.2427442 0.4818116
0.333334 1.833 9.09995 -2.3055 -0.1138581 -0.554864 -0.07699587 0.8205084
0.3666674 1.833 9.09995 -2.3055 -0.1138581 -0.554864 -0.07699587 0.8205084
0.4000008 1.833 9.09995 -2.3055 -0.1095602 -0.5552596 -0.07408947 0.8210933
0.4333342 1.833 9.09995 -2.3055 -0.09979108 -0.5571697 -0.06767366 0.8215984
0.4666676 1.833 9.09995 -2.3055 -0.09979108 -0.5571697 -0.06767366 0.8215984
0.500001 1.833 9.09995 -2.3055 -0.09387771 -0.6515226 -0.08173124 0.7483484
0.5333344 1.833 9.09995 -2.3055 -0.07526593 -0.6839316 -0.07128325 0.7221437
0.5666678 1.833 9.09995 -2.3055 -0.07526593 -0.6839316 -0.07128325 0.7221437
0.6000012 1.833 9.09995 -2.3055 -0.07489165 -0.6877034 -0.07167638 0.7185525
0.6333346 1.833 9.09995 -2.3055 -0.03811483 -0.7244803 -0.04019035 0.6870666
0.6666679 1.833 9.09995 -2.3055 -0.03811483 -0.7244803 -0.04019035 0.6870666
0.7000014 1.833 9.09995 -2.3055 -0.01348854 -0.6950793 -0.01304544 0.7186881
0.7333348 1.833 9.09995 -2.3055 -0.0125637 -0.6941547 -0.0121192 0.7196143
0.7666681 1.833 9.09995 -2.3055 -0.0125637 -0.6941547 -0.0121192 0.7196143
0.8000016 1.833 9.09995 -2.3055 -0.01088003 -0.6799209 -0.01009031 0.7331353
0.833335 1.833 9.09995 -2.3055 -0.01415279 -0.709038 -0.01423619 0.7048845
0.8666683 1.833 9.09995 -2.3055 -0.01415279 -0.709038 -0.01423619 0.7048845
0.9000018 1.833 9.09995 -2.3055 -0.02048923 -0.7412587 -0.02265067 0.6705241
0.9333352 1.833 9.09995 -2.3055 -0.0400013 -0.8096018 -0.05555157 0.5829741
0.9666685 1.833 9.09995 -2.3055 -0.0400013 -0.8096018 -0.05555157 0.5829741
1.000002 1.833 9.09995 -2.3055 -0.05126095 -0.8365026 -0.0794448 0.5397447
1.033335 1.833 9.09995 -2.3055 -0.05165083 -0.8385107 -0.0807433 0.5363885
1.066669 1.833 9.09995 -2.3055 -0.05165083 -0.8385107 -0.0807433 0.5363885
1.100002 1.833 9.09995 -2.3055 -0.05208504 -0.8812985 -0.1000258 0.4589062
1.133336 1.833 9.09995 -2.3055 -0.05169185 -0.8830939 -0.1002296 0.4554418
1.166669 1.833 9.09995 -2.3055 -0.05169185 -0.8830939 -0.1002296 0.4554418
1.200002 1.833 9.09995 -2.3055 -0.05074726 -0.8943077 -0.1050613 0.431973
1.233336 1.833 9.09995 -2.3055 -0.05047202 -0.8954355 -0.1051938 0.4296301
1.266669 1.833 9.09995 -2.3055 -0.05047202 -0.8954355 -0.1051938 0.4296301
1.300003 1.833 9.09995 -2.3055 -0.05153197 -0.9013605 -0.1118755 0.4151839
1.333336 1.833 9.09995 -2.3055 -0.05933427 -0.9000712 -0.1297067 0.4117371
1.366669 1.833 9.09995 -2.3055 -0.05933427 -0.9000712 -0.1297067 0.4117371
1.400003 1.833 9.09995 -2.3055 -0.07036122 -0.9024898 -0.1615752 0.3930075
1.433336 1.833 9.09995 -2.3055 -0.07189722 -0.9047511 -0.1693242 0.3841688
1.46667 1.833 9.09995 -2.3055 -0.07189722 -0.9047511 -0.1693242 0.3841688
1.500003 1.833 9.09995 -2.3055 -0.07195335 -0.9055311 -0.1706973 0.381705
1.533336 1.833 9.09995 -2.3055 -0.07261519 -0.9090738 -0.1787698 0.3692603
1.56667 1.833 9.09995 -2.3055 -0.07261519 -0.9090738 -0.1787698 0.3692603
1.600003 1.833 9.09995 -2.3055 -0.07261519 -0.9090738 -0.1787698 0.3692603
1.633337 1.833 9.09995 -2.3055 -0.06724849 -0.9177665 -0.1767384 0.3492077
1.66667 1.833 9.09995 -2.3055 -0.06724849 -0.9177665 -0.1767384 0.3492077
1.700003 1.833 9.09995 -2.3055 -0.06204265 -0.9220557 -0.1663238 0.3439482
1.733337 1.833 9.09995 -2.3055 -0.05556946 -0.9305532 -0.1590669 0.3250855
1.76667 1.833 9.09995 -2.3055 -0.05556946 -0.9305532 -0.1590669 0.3250855
1.800004 1.833 9.09995 -2.3055 -0.05041555 -0.9365628 -0.1512754 0.3121283
1.833337 1.833 9.09995 -2.3055 -0.04603176 -0.9405221 -0.1418254 0.305262
1.86667 1.833 9.09995 -2.3055 -0.04603176 -0.9405221 -0.1418254 0.305262
1.900004 1.833 9.09995 -2.3055 -0.04292835 -0.9431943 -0.1346609 0.3006796
1.933337 1.833 9.09995 -2.3055 -0.04218528 -0.9441538 -0.1335371 0.2982647
1.966671 1.833 9.09995 -2.3055 -0.04218528 -0.9441538 -0.1335371 0.2982647
2.000004 1.826071 9.103823 -2.315156 -0.04803711 -0.9401742 -0.1493343 0.3024305
2.033337 1.819224 9.108221 -2.324644 -0.05497733 -0.9362234 -0.1701453 0.3025124
2.066671 1.819224 9.108221 -2.324644 -0.05497733 -0.9362234 -0.1701453 0.3025124
2.100004 1.819224 9.108221 -2.324644 -0.06090616 -0.9327024 -0.188494 0.3013747
2.133337 1.819224 9.108221 -2.324644 -0.06471335 -0.9300228 -0.1993843 0.3018537
2.166671 1.819224 9.108221 -2.324644 -0.06471335 -0.9300228 -0.1993843 0.3018537
2.200004 1.812601 9.113612 -2.333772 -0.06826498 -0.9276094 -0.210327 0.3010704
2.233338 1.80597 9.118974 -2.342912 -0.06787085 -0.9278839 -0.2091127 0.3011595
2.266671 1.80597 9.118974 -2.342912 -0.06787085 -0.9278839 -0.2091127 0.3011595
2.300004 1.799323 9.124098 -2.352175 -0.06419129 -0.9308098 -0.1995535 0.2994179
2.333338 1.79237 9.128466 -2.3616 -0.05546512 -0.9348482 -0.1686321 0.3074828
2.366671 1.79237 9.128466 -2.3616 -0.05546512 -0.9348482 -0.1686321 0.3074828
2.400005 1.78519 9.131775 -2.371282 -0.04189596 -0.9410191 -0.1268179 0.3108781
2.433338 1.778009 9.135084 -2.380964 -0.04189596 -0.9410191 -0.1268179 0.3108781
2.466671 1.778009 9.135084 -2.380964 -0.04189596 -0.9410191 -0.1268179 0.3108781
2.500005 1.770823 9.138362 -2.390652 -0.04148901 -0.9411842 -0.1255861 0.3109326
2.533338 1.763607 9.142852 -2.399818 -0.05979292 -0.9290121 -0.1726069 0.3218201
2.566672 1.763607 9.142852 -2.399818 -0.05979292 -0.9290121 -0.1726069 0.3218201
2.600005 1.756398 9.147372 -2.408975 -0.0602141 -0.9287854 -0.1738227 0.3217415
2.633338 1.749189 9.151893 -2.418132 -0.0602141 -0.9287854 -0.1738227 0.3217415
2.666672 1.749189 9.151893 -2.418132 -0.0602141 -0.9287854 -0.1738227 0.3217415
2.700005 1.74198 9.156413 -2.427289 -0.0602141 -0.9287854 -0.1738227 0.3217415
2.733339 1.744704 9.161207 -2.444084 -0.06375838 -0.9270926 -0.184836 0.3197966
2.766672 1.744704 9.161207 -2.444084 -0.06375838 -0.9270926 -0.184836 0.3197966
2.800005 1.737447 9.165728 -2.453203 -0.06066898 -0.9279399 -0.1736645 0.324172
2.833339 1.7296 9.170033 -2.461929 -0.06264151 -0.9192963 -0.163343 0.3525471
2.866672 1.7296 9.170033 -2.461929 -0.06264151 -0.9192963 -0.163343 0.3525471
2.900006 1.721527 9.174248 -2.470492 -0.0631341 -0.9157107 -0.158999 0.3636034
2.933339 1.713432 9.178462 -2.479033 -0.06334215 -0.915234 -0.1589162 0.3648016
2.966672 1.713432 9.178462 -2.479033 -0.06334215 -0.915234 -0.1589162 0.3648016
3.000006 1.71441 9.182676 -2.496173 -0.06334215 -0.915234 -0.1589162 0.3648016
3.033339 1.714637 9.186581 -2.513413 -0.06143489 -0.9098809 -0.1457443 0.3835377
3.066673 1.714637 9.186581 -2.513413 -0.06143489 -0.9098809 -0.1457443 0.3835377
3.100006 1.714774 9.190485 -2.530653 -0.06181625 -0.9088736 -0.145583 0.3859186
3.133339 1.714378 9.194421 -2.547883 -0.06461915 -0.9025097 -0.1457757 0.4000627
3.166673 1.714378 9.194421 -2.547883 -0.06461915 -0.9025097 -0.1457757 0.4000627
3.200006 1.713297 9.198325 -2.56509 -0.06692211 -0.8946693 -0.1433082 0.4177931
3.23334 1.703705 9.202198 -2.572107 -0.07099034 -0.8807043 -0.1398894 0.4469354
3.266673 1.703705 9.202198 -2.572107 -0.07099034 -0.8807043 -0.1398894 0.4469354
3.300006 1.693975 9.206164 -2.578879 -0.07442869 -0.8748252 -0.1424801 0.4569909
3.33334 1.691085 9.21047 -2.595778 -0.0828221 -0.867252 -0.1540965 0.4661211
3.366673 1.691085 9.21047 -2.595778 -0.0828221 -0.867252 -0.1540965 0.4661211
3.400007 1.688366 9.214899 -2.612675 -0.08463801 -0.8682553 -0.158969 0.4622749
3.43334 1.686642 9.219389 -2.629686 -0.08116948 -0.8807806 -0.1636465 0.4368716
3.466673 1.686642 9.219389 -2.629686 -0.08116948 -0.8807806 -0.1636465 0.4368716
3.500007 1.685444 9.223848 -2.64675 -0.0780353 -0.8877492 -0.1637394 0.4230855
3.53334 1.684766 9.228247 -2.663858 -0.07438258 -0.8947139 -0.1626033 0.4092853
3.566674 1.684766 9.228247 -2.663858 -0.07438258 -0.8947139 -0.1626033 0.4092853
3.600007 1.676124 9.232522 -2.671815 -0.06974921 -0.9018774 -0.1590316 0.3955517
3.63334 1.667265 9.236674 -2.679594 -0.06949033 -0.897971 -0.1534993 0.4065184
3.666674 1.667265 9.236674 -2.679594 -0.06949033 -0.897971 -0.1534993 0.4065184
3.700007 1.658385 9.240827 -2.687351 -0.06969117 -0.8974382 -0.1534083 0.4076933
3.733341 1.649506 9.244979 -2.695107 -0.06969117 -0.8974382 -0.1534083 0.4076933
3.766674 1.649506 9.244979 -2.695107 -0.06969117 -0.8974382 -0.1534083 0.4076933
3.800007 1.640634 9.249162 -2.702856 -0.07022475 -0.8972366 -0.1545828 0.4076017
3.833341 1.640174 9.253376 -2.720018 -0.06994169 -0.899155 -0.1561254 0.402807
3.866674 1.640174 9.253376 -2.720018 -0.06994169 -0.899155 -0.1561254 0.402807
3.900008 1.640179 9.257651 -2.73717 -0.06891549 -0.9039363 -0.1593947 0.3908237
3.933341 1.64052 9.262172 -2.754257 -0.07167606 -0.9052534 -0.1694202 0.3829826
3.966674 1.64052 9.262172 -2.754257 -0.07167606 -0.9052534 -0.1694202 0.3829826
4.000008 1.632221 9.266845 -2.762352 -0.07395147 -0.9046251 -0.1754382 0.3813214
4.033341 1.623921 9.271518 -2.770448 -0.07395147 -0.9046251 -0.1754382 0.3813214
4.066675 1.623921 9.271518 -2.770448 -0.07395147 -0.9046251 -0.1754382 0.3813214
4.100008 1.615609 9.27622 -2.778513 -0.07468176 -0.9038948 -0.1765248 0.3824078
4.133341 1.607324 9.281014 -2.786552 -0.07618298 -0.9031947 -0.1800732 0.3821116
4.166675 1.607324 9.281014 -2.786552 -0.07618298 -0.9031947 -0.1800732 0.3821116
4.200008 1.598995 9.285869 -2.794508 -0.07789884 -0.9012135 -0.1821325 0.3854528
4.233342 1.590413 9.290571 -2.802286 -0.0776748 -0.8972569 -0.1752286 0.3977332
4.266675 1.590413 9.290571 -2.802286 -0.0776748 -0.8972569 -0.1752286 0.3977332
4.300008 1.581683 9.295183 -2.809952 -0.07745837 -0.8947844 -0.1711005 0.405075
4.333342 1.572809 9.299643 -2.817541 -0.07588549 -0.8932114 -0.1647475 0.4114282
4.366675 1.572809 9.299643 -2.817541 -0.07588549 -0.8932114 -0.1647475 0.4114282
4.400009 1.563598 9.303948 -2.824812 -0.0762968 -0.8860106 -0.1574305 0.4293945
4.433342 1.561954 9.308101 -2.841917 -0.07407965 -0.885327 -0.1513384 0.4333646
4.466675 1.561954 9.308101 -2.841917 -0.07407965 -0.885327 -0.1513384 0.4333646
4.500009 1.552606 9.312191 -2.849138 -0.07313991 -0.885152 -0.1489247 0.434716
4.533342 1.542961 9.316002 -2.856116 -0.07018043 -0.8798943 -0.1374012 0.4494237
4.566676 1.542961 9.316002 -2.856116 -0.07018043 -0.8798943 -0.1374012 0.4494237
4.600009 1.533071 9.319626 -2.862847 -0.06852042 -0.8743763 -0.1295132 0.4625986
4.633342 1.530048 9.323124 -2.879909 -0.06658746 -0.8732176 -0.1246728 0.4663837
4.666676 1.530048 9.323124 -2.879909 -0.06658746 -0.8732176 -0.1246728 0.4663837
4.700009 1.520015 9.326591 -2.886509 -0.06646154 -0.8715416 -0.1232697 0.4698966
4.733343 1.509699 9.329931 -2.892729 -0.06631855 -0.8627745 -0.1174253 0.4872713
4.766676 1.509699 9.329931 -2.892729 -0.06631855 -0.8627745 -0.1174253 0.4872713
4.800009 1.499336 9.333272 -2.898867 -0.06677917 -0.8608544 -0.1171639 0.4906557
4.833343 1.48894 9.336613 -2.904951 -0.06708568 -0.8595669 -0.1169887 0.4929078
4.866676 1.48894 9.336613 -2.904951 -0.06708568 -0.8595669 -0.1169887 0.4929078
4.90001 1.478313 9.339953 -2.910622 -0.06936967 -0.8497235 -0.115649 0.5096892
4.933343 1.473361 9.343326 -2.927253 -0.07079946 -0.8462179 -0.1163002 0.5151475
4.966676 1.473361 9.343326 -2.927253 -0.07079946 -0.8462179 -0.1163002 0.5151475
5.00001 1.467956 9.346792 -2.943724 -0.07453683 -0.8382538 -0.1185617 0.5269896
5.033343 1.462164 9.350416 -2.960028 -0.0796014 -0.8304965 -0.1230141 0.5374073
5.066677 1.462164 9.350416 -2.960028 -0.0796014 -0.8304965 -0.1230141 0.5374073
5.10001 1.455704 9.354071 -2.976072 -0.08288611 -0.8189003 -0.1223921 0.554574
5.133343 1.448959 9.357757 -2.991992 -0.08473982 -0.8136246 -0.1226927 0.5619436
5.166677 1.448959 9.357757 -2.991992 -0.08473982 -0.8136246 -0.1226927 0.5619436
5.20001 1.437711 9.361506 -2.99595 -0.08767512 -0.8066267 -0.123798 0.5712622
5.233344 1.426461 9.365316 -2.999843 -0.08949962 -0.8048022 -0.1256753 0.5731396
5.266677 1.426461 9.365316 -2.999843 -0.08949962 -0.8048022 -0.1256753 0.5731396
5.30001 1.4152 9.369127 -3.003706 -0.08966404 -0.8040512 -0.125558 0.5741926
5.333344 1.40782 9.373032 -3.019288 -0.09275867 -0.799779 -0.1281102 0.579083
5.366677 1.40782 9.373032 -3.019288 -0.09275867 -0.799779 -0.1281102 0.579083
5.400011 1.400226 9.377153 -3.03471 -0.09929761 -0.7932401 -0.1345288 0.5855017
5.433344 1.392455 9.381459 -3.049993 -0.1049953 -0.7875425 -0.1399344 0.590907
5.466677 1.392455 9.381459 -3.049993 -0.1049953 -0.7875425 -0.1399344 0.590907
5.500011 1.384723 9.385765 -3.065296 -0.104812 -0.7883153 -0.1400717 0.5898757
5.533344 1.377133 9.390133 -3.080652 -0.1057969 -0.7902552 -0.1425515 0.5865005
5.566678 1.377133 9.390133 -3.080652 -0.1057969 -0.7902552 -0.1425515 0.5865005
5.600011 1.369544 9.394501 -3.096009 -0.1057969 -0.7902552 -0.1425515 0.5865005
5.633344 1.358334 9.398869 -3.099401 -0.1057969 -0.7902552 -0.1425515 0.5865005
5.666678 1.358334 9.398869 -3.099401 -0.1057969 -0.7902552 -0.1425515 0.5865005
5.700011 1.347124 9.403236 -3.102794 -0.1057969 -0.7902552 -0.1425515 0.5865005
5.733345 1.335905 9.407604 -3.106157 -0.1059834 -0.7894868 -0.1424129 0.5875344
5.766678 1.335905 9.407604 -3.106157 -0.1059834 -0.7894868 -0.1424129 0.5875344
5.800011 1.32466 9.411972 -3.109432 -0.1065418 -0.7871735 -0.1419956 0.5906301
5.833345 1.313378 9.416462 -3.112399 -0.1115361 -0.7786282 -0.1446678 0.6003075
5.866678 1.313378 9.416462 -3.112399 -0.1115361 -0.7786282 -0.1446678 0.6003075
5.900012 1.302088 9.420952 -3.115337 -0.1117254 -0.7778417 -0.1445217 0.6013262
5.933345 1.290807 9.425654 -3.11796 -0.1192054 -0.7685609 -0.1500953 0.6103898
5.966678 1.290807 9.425654 -3.11796 -0.1192054 -0.7685609 -0.1500953 0.6103898
6.000012 1.27963 9.430659 -3.120466 -0.1278128 -0.7641338 -0.1596419 0.6117826
6.033345 1.271397 9.435962 -3.135183 -0.1353653 -0.7635731 -0.1699853 0.6080603
6.066679 1.271397 9.435962 -3.135183 -0.1353653 -0.7635731 -0.1699853 0.6080603
6.100012 1.263265 9.441792 -3.149756 -0.1506356 -0.7561796 -0.1871417 0.6086701
6.133345 1.255096 9.447621 -3.164309 -0.1508804 -0.7553822 -0.1869444 0.6096594
6.166679 1.255096 9.447621 -3.164309 -0.1508804 -0.7553822 -0.1869444 0.6096594
6.200012 1.246858 9.453538 -3.178787 -0.154018 -0.7522447 -0.1893059 0.612021
6.233346 1.238222 9.459483 -3.19302 -0.1575428 -0.743109 -0.1880415 0.6225831
6.266679 1.238222 9.459483 -3.19302 -0.1575428 -0.743109 -0.1880415 0.6225831
6.300012 1.227159 9.465255 -3.193752 -0.1624296 -0.70916 -0.1735363 0.6637726
6.333346 1.216095 9.471026 -3.194484 -0.1624298 -0.7091599 -0.1735364 0.6637725
6.366679 1.216095 9.471026 -3.194484 -0.1624298 -0.7091599 -0.1735364 0.6637725
6.400012 1.205015 9.476798 -3.194898 -0.1649116 -0.6995291 -0.1711797 0.6739146
6.433346 1.193529 9.482278 -3.207167 -0.1606763 -0.6819537 -0.1574471 0.6959401
6.466679 1.193529 9.482278 -3.207167 -0.1606763 -0.6819537 -0.1574471 0.6959401
6.500013 1.181996 9.487728 -3.219406 -0.15997 -0.6812473 -0.1563451 0.6970423
6.533346 1.170628 9.492912 -3.219026 -0.1525217 -0.6793733 -0.1475121 0.7024452
6.566679 1.170628 9.492912 -3.219026 -0.1525217 -0.6793733 -0.1475121 0.7024452
6.600013 1.159097 9.497706 -3.21849 -0.1414333 -0.6771566 -0.1350075 0.7093861
6.633346 1.147364 9.502012 -3.218282 -0.1247936 -0.6900193 -0.1226062 0.7023302
6.66668 1.147364 9.502012 -3.218282 -0.1247936 -0.6900193 -0.1226062 0.7023302
6.700013 1.135552 9.506103 -3.218166 -0.1178956 -0.6938709 -0.1167424 0.7007247
6.733346 1.123618 9.510193 -3.23055 -0.1178956 -0.6938709 -0.1167424 0.7007247
6.76668 1.123618 9.510193 -3.23055 -0.1178956 -0.6938709 -0.1167424 0.7007247
6.800013 1.122711 9.510193 -3.243016 -0.1224495 -0.6713697 -0.1138605 0.7220143
6.833347 1.121055 9.510193 -3.255406 -0.1335838 -0.6481425 -0.1169167 0.7405385
6.86668 1.121055 9.510193 -3.255406 -0.1335838 -0.6481425 -0.1169167 0.7405385
6.900013 1.107762 9.514561 -3.26621 -0.1337369 -0.6471727 -0.116742 0.7413861
6.933347 1.093651 9.519234 -3.275778 -0.1490135 -0.6110401 -0.1185028 0.7683632
6.96668 1.093651 9.519234 -3.275778 -0.1490135 -0.6110401 -0.1185028 0.7683632
7.000014 1.079109 9.524148 -3.284547 -0.1605826 -0.5874348 -0.1203211 0.7840003
7.033347 1.075473 9.524148 -3.296506 -0.1612104 -0.5833218 -0.1194787 0.7870653
7.06668 1.075473 9.524148 -3.296506 -0.1612104 -0.5833218 -0.1194787 0.7870653
7.100014 1.071062 9.524148 -3.308202 -0.1650333 -0.5572574 -0.11414 0.8057297
7.133347 1.065925 9.524148 -3.319598 -0.163148 -0.5323751 -0.1054178 0.8239214
7.166681 1.065925 9.524148 -3.319598 -0.163148 -0.5323751 -0.1054178 0.8239214
7.200014 1.060521 9.524148 -3.330869 -0.1622049 -0.5229009 -0.1021199 0.8305635
7.233347 1.054392 9.524148 -3.341763 -0.1588002 -0.4961903 -0.09286389 0.848501
7.266681 1.054392 9.524148 -3.341763 -0.1588002 -0.4961903 -0.09286389 0.848501
7.300014 1.037964 9.528516 -3.346614 -0.1540582 -0.4889827 -0.08820654 0.8540385
7.333348 1.021369 9.532699 -3.351042 -0.1483295 -0.4795512 -0.08262171 0.8609313
7.366681 1.021369 9.532699 -3.351042 -0.1483295 -0.4795512 -0.08262171 0.8609313
7.400014 1.004548 9.536758 -3.354658 -0.145667 -0.4595425 -0.07669896 0.8727652
7.433348 0.9973131 9.536758 -3.364851 -0.1451177 -0.4527724 -0.07495999 0.8765381
7.466681 0.9973131 9.536758 -3.364851 -0.1451177 -0.4527724 -0.07495999 0.8765381
7.500015 0.9893012 9.536758 -3.374446 -0.1444383 -0.4182794 -0.06756289 0.8942121
7.533348 0.9812391 9.536758 -3.383999 -0.1446147 -0.415937 -0.06718455 0.895304
7.566681 0.9812391 9.536758 -3.383999 -0.1446147 -0.415937 -0.06718455 0.895304
7.600015 0.9729543 9.536758 -3.393359 -0.1453961 -0.4053607 -0.06547619 0.900142
7.633348 0.9644945 9.540787 -3.385085 -0.1505516 -0.3826045 -0.06334314 0.9093601
7.666682 0.9644945 9.540787 -3.385085 -0.1505516 -0.3826045 -0.06334314 0.9093601
7.700015 0.9560565 9.544815 -3.37679 -0.1506344 -0.3814139 -0.06314603 0.9098601
7.733348 0.9388521 9.548843 -3.377317 -0.1507992 -0.3790305 -0.06275144 0.9108555
7.766682 0.9388521 9.548843 -3.377317 -0.1507992 -0.3790305 -0.06275144 0.9108555
7.800015 0.9216601 9.552934 -3.37777 -0.1533497 -0.37648 -0.0633423 0.9114464
7.833349 0.91342 9.557055 -3.369322 -0.154875 -0.3716204 -0.06302507 0.9132031
7.866682 0.91342 9.557055 -3.369322 -0.154875 -0.3716204 -0.06302507 0.9132031
7.900015 0.9051799 9.561177 -3.360874 -0.1548749 -0.3716206 -0.0630251 0.9132031
7.933349 0.8879992 9.56533 -3.361162 -0.1560701 -0.3715378 -0.06351147 0.9129995
7.966682 0.8879992 9.56533 -3.361162 -0.1560701 -0.3715378 -0.06351147 0.9129995
8.000015 0.8708237 9.569512 -3.361233 -0.1576805 -0.3654721 -0.06296705 0.9152061
8.033349 0.8627099 9.573695 -3.352694 -0.1576805 -0.3654721 -0.06296705 0.9152061
8.066683 0.8627099 9.573695 -3.352694 -0.1576805 -0.3654721 -0.06296705 0.9152061
8.100016 0.854596 9.577878 -3.344155 -0.1576805 -0.3654721 -0.06296705 0.9152061
8.133349 0.8467314 9.582061 -3.335386 -0.1585708 -0.3522568 -0.06069019 0.9203734
8.166682 0.8467314 9.582061 -3.335386 -0.1585708 -0.3522568 -0.06069019 0.9203734
8.200016 0.8388668 9.586244 -3.326616 -0.1585708 -0.3522568 -0.06069019 0.9203734
8.23335 0.8310022 9.590426 -3.317847 -0.1585708 -0.3522568 -0.06069019 0.9203734
8.266683 0.8310022 9.590426 -3.317847 -0.1585708 -0.3522568 -0.06069019 0.9203734
8.300016 0.8138319 9.594609 -3.317424 -0.1585708 -0.3522568 -0.06069019 0.9203734
8.333349 0.7966615 9.598792 -3.317 -0.1585708 -0.3522568 -0.06069019 0.9203734
8.366683 0.7966615 9.598792 -3.317 -0.1585708 -0.3522568 -0.06069019 0.9203734
8.400017 0.7888272 9.603006 -3.308218 -0.1598553 -0.3509724 -0.06094204 0.9206252
8.43335 0.7811857 9.607251 -3.299283 -0.1616943 -0.3412348 -0.05971145 0.9240392
8.466683 0.7811857 9.607251 -3.299283 -0.1616943 -0.3412348 -0.05971145 0.9240392
8.500016 0.7735983 9.611526 -3.290316 -0.1630606 -0.3387367 -0.05973138 0.9247167
8.53335 0.7735983 9.611526 -3.290316 -0.1619275 -0.3376037 -0.05907606 0.925372
8.566684 0.7735983 9.611526 -3.290316 -0.1619275 -0.3376037 -0.05907606 0.925372
8.600017 0.7735983 9.611526 -3.290316 -0.1530818 -0.3236013 -0.05313956 0.9322147
8.63335 0.7662845 9.614867 -3.280746 -0.127745 -0.3175779 -0.04322318 0.9385933
8.666683 0.7662845 9.614867 -3.280746 -0.127745 -0.3175779 -0.04322318 0.9385933
8.700017 0.7589904 9.618176 -3.271149 -0.1265723 -0.3164051 -0.04264183 0.9391747
8.733351 0.7517061 9.621391 -3.261513 -0.1229373 -0.3153399 -0.0412381 0.940078
8.766684 0.7517061 9.621391 -3.261513 -0.1229373 -0.3153399 -0.0412381 0.940078
8.800017 0.744246 9.624447 -3.25196 -0.1164705 -0.3229828 -0.04008929 0.9383547
8.83335 0.7367859 9.627502 -3.242407 -0.1164705 -0.3229828 -0.04008929 0.9383547
8.866684 0.7367859 9.627502 -3.242407 -0.1164705 -0.3229828 -0.04008929 0.9383547
8.900018 0.7293259 9.630558 -3.232854 -0.1164705 -0.3229828 -0.04008929 0.9383547
8.933351 0.7217621 9.633423 -3.223324 -0.1089489 -0.3269736 -0.03797952 0.9379638
8.966684 0.7217621 9.633423 -3.223324 -0.1089489 -0.3269736 -0.03797952 0.9379638
9.000017 0.7142187 9.636256 -3.213768 -0.1077701 -0.3257948 -0.03741047 0.9385328
9.033351 0.7066752 9.63909 -3.204211 -0.1077701 -0.3257948 -0.03741047 0.9385328
9.066685 0.7066752 9.63909 -3.204211 -0.1077701 -0.3257948 -0.03741047 0.9385328
9.100018 0.6991318 9.641923 -3.194655 -0.1077701 -0.3257948 -0.03741047 0.9385328
9.133351 0.6991318 9.641923 -3.194655 -0.1078677 -0.3233368 -0.03712822 0.9393825
9.166684 0.6991318 9.641923 -3.194655 -0.1078677 -0.3233368 -0.03712822 0.9393825
9.200018 0.6991318 9.641923 -3.194655 -0.1055967 -0.3185082 -0.03572922 0.9413423
9.233352 0.6991318 9.641923 -3.194655 -0.100532 -0.3223875 -0.03445614 0.9406235
9.266685 0.6991318 9.641923 -3.194655 -0.100532 -0.3223875 -0.03445614 0.9406235
9.300018 0.6991318 9.641923 -3.194655 -0.09547596 -0.3262571 -0.03314282 0.9398629
9.333351 0.6991318 9.641923 -3.194655 -0.08686019 -0.326547 -0.030152 0.9406983
9.366685 0.6991318 9.641923 -3.194655 -0.08686019 -0.326547 -0.030152 0.9406983
9.400019 0.6991318 9.641923 -3.194655 -0.07440295 -0.3318404 -0.02626502 0.94003
9.433352 0.6991318 9.641923 -3.194655 -0.05831494 -0.3359326 -0.02084368 0.939848
9.466685 0.6991318 9.641923 -3.194655 -0.05831494 -0.3359326 -0.02084368 0.939848
9.500018 0.6991318 9.641923 -3.194655 -0.0533932 -0.3360372 -0.01908449 0.9401404
9.533352 0.6991318 9.641923 -3.194655 -0.05211338 -0.338522 -0.01878103 0.9393266
9.566686 0.6991318 9.641923 -3.194655 -0.05211338 -0.338522 -0.01878103 0.9393266
9.600019 0.6991318 9.641923 -3.194655 -0.06431283 -0.3419305 -0.02346335 0.9372283
9.633352 0.6911492 9.644437 -3.18537 -0.09476091 -0.3458686 -0.03513506 0.9328241
9.666685 0.6911492 9.644437 -3.18537 -0.09476091 -0.3458686 -0.03513506 0.9328241
9.700019 0.6831262 9.648805 -3.176838 -0.1650353 -0.362574 -0.06540396 0.9148911
9.733353 0.6751189 9.653234 -3.168322 -0.1674297 -0.3624016 -0.0663529 0.914456
9.766685 0.6751189 9.653234 -3.168322 -0.1674297 -0.3624016 -0.0663529 0.914456
9.800019 0.6670506 9.658148 -3.160137 -0.18566 -0.3716367 -0.07612037 0.9064338
9.833352 0.6589823 9.663062 -3.151951 -0.18566 -0.3716367 -0.07612037 0.9064338
9.866686 0.6589823 9.663062 -3.151951 -0.18566 -0.3716367 -0.07612037 0.9064338
9.90002 0.6678846 9.663062 -3.143176 -0.18566 -0.3716367 -0.07612037 0.9064338
9.933352 0.676787 9.663062 -3.134401 -0.18566 -0.3716367 -0.07612037 0.9064338
9.966686 0.676787 9.663062 -3.134401 -0.18566 -0.3716367 -0.07612037 0.9064338
10.00002 0.6856663 9.663062 -3.125603 -0.19622 -0.3718974 -0.08075014 0.9036977
10.03335 0.6945456 9.663062 -3.116805 -0.19622 -0.3718974 -0.08075014 0.9036977
10.06669 0.6945456 9.663062 -3.116805 -0.19622 -0.3718974 -0.08075014 0.9036977
10.10002 0.7030726 9.663062 -3.107665 -0.2028005 -0.3887772 -0.08815308 0.8944011
10.13335 0.7030726 9.663062 -3.107665 -0.2054216 -0.4285539 -0.1007175 0.8740707
10.16669 0.7030726 9.663062 -3.107665 -0.2054216 -0.4285539 -0.1007175 0.8740707
10.20002 0.7030726 9.663062 -3.107665 -0.2052895 -0.4296978 -0.1009863 0.8735089
10.23335 0.7030726 9.663062 -3.107665 -0.2068017 -0.4452178 -0.1064805 0.8646827
10.26669 0.7030726 9.663062 -3.107665 -0.2068017 -0.4452178 -0.1064805 0.8646827
10.30002 0.7030726 9.663062 -3.107665 -0.2331646 -0.5183189 -0.1493649 0.8091167
10.33335 0.7030726 9.663062 -3.107665 -0.2338299 -0.5202385 -0.1506558 0.8074517
10.36669 0.7030726 9.663062 -3.107665 -0.2338299 -0.5202385 -0.1506558 0.8074517
10.40002 0.7030726 9.663062 -3.107665 -0.2338299 -0.5202385 -0.1506558 0.8074517
10.43335 0.7030726 9.663062 -3.107665 -0.2404123 -0.5330856 -0.1612068 0.7950057
10.46669 0.7030726 9.663062 -3.107665 -0.2404123 -0.5330856 -0.1612068 0.7950057
10.50002 0.7030726 9.663062 -3.107665 -0.2404123 -0.5330856 -0.1612068 0.7950057
10.53335 0.7030726 9.663062 -3.107665 -0.2459338 -0.5398588 -0.1686692 0.7871594
10.56669 0.7030726 9.663062 -3.107665 -0.2459338 -0.5398588 -0.1686692 0.7871594
10.60002 0.7030726 9.663062 -3.107665 -0.3051246 -0.6239696 -0.2889818 0.6588252
10.63335 0.7030726 9.663062 -3.107665 -0.3041319 -0.6927429 -0.4212021 0.5001999
10.66669 0.7030726 9.663062 -3.107665 -0.3041319 -0.6927429 -0.4212021 0.5001999
10.70002 0.7030726 9.663062 -3.107665 -0.2308673 -0.7443051 -0.539787 0.3183398
